423
422
421
420
419
418
417
416
415
414
413
412
411
410
409
408
407
406
405
404
403
402
401
400
399
398
373
378
377
376
216
297
254
253
252
251
250
249
248
247
247
245
244
243
242
241
240
239
238
237
236
235
234
233
232
231
230
229
228
227
226
225
224
223
222
221
220
219
183
190
189
188
187
186
2
46
45
44
43
42
41
40
39
38
37
36
35
34
33
32
31
30
29
28
27
26
25
24
23
22
21
20
19
18
17
16
15
14
13
12
11
10
9
8
7
6
5
4
5
2
1
89
90
3
595
596
509
1102
1103
1016
1152
1106
1060
1153
1150
1061
1154
1138
1062
1112
1176
1063
1136
1173
1064
1113
1167
1065
1135
1177
1066
1114
1172
1067
1178
1134
1068
1115
1171
1069
1180
1133
1070
1116
1184
1071
1189
1132
1072
1187
1146
1073
1120
1186
1074
1183
1139
1075
1117
1170
1076
1175
1140
1077
1118
1168
1078
1174
1141
1079
1119
1166
1080
1179
1142
1081
1121
1182
1082
1188
1143
1083
1125
1191
1084
1192
1144
1085
1131
1190
1086
1185
1124
1087
1157
1147
1088
1122
1165
1089
1169
1145
1090
1123
1181
1091
1193
1128
1092
1156
1111
1194
1093
1164
1129
1094
1158
1110
1095
1148
1159
1096
1126
1160
1097
1163
1130
1098
1137
1162
1099
1161
1127
1100
1155
1149
1101
1108
1151
1017
1214
1223
1204
1225
1224
1205
1218
1219
1227
1206
1220
1216
1207
1222
1226
1208
1221
1215
1198
1310
1348
1268
1336
1269
1329
1365
1270
1313
1358
1271
1343
1351
1272
1354
1312
1273
1356
1328
1274
1323
1368
1275
1332
1379
1276
1322
1382
1277
1333
1278
1319
1369
1279
1357
1346
1280
1330
1371
1281
1362
1282
1339
1283
1315
1359
1284
1361
1344
1285
1376
1326
1286
1364
1340
1287
1318
1288
1367
1289
1372
1317
1290
1360
1342
1291
1320
1292
1383
1338
1293
1363
1324
1384
1294
1374
1334
1295
1377
1325
1296
1380
1331
1297
1375
1321
1298
1335
1299
1353
1345
1300
1373
1316
1301
1337
1352
1302
1385
1327
1349
1303
1309
1347
1231
1307
1404
1409
1393
1408
1403
1349
1405
1395
1406
1400
1389
1399
1398
1466
1494
1438
1493
1495
1439
1468
1495
1440
1487
1497
1441
1469
1520
1442
1486
1519
1443
1470
1518
1444
1485
1517
1445
1471
1516
1446
1484
1515
1447
1472
1514
1448
1483
1513
1449
1512
1450
1482
1511
1451
1510
1474
1452
1481
1509
1453
1508
1475
1454
1488
1507
1455
1506
1476
1456
1489
1505
1457
1504
1477
1458
1490
1459
1502
1478
1460
1491
1501
1461
1500
1479
1462
1492
1499
1463
1498
1480
962
1013
502
459
