459
502
1013
962
1480
1498
1463
1499
1492
1462
1479
1500
1461
1501
1491
1460
1478
1502
1459
1490
1458
1477
1504
1457
1505
1489
1456
1476
1506
1455
1507
1488
1454
1475
1508
1453
1509
1481
1452
1474
1510
1451
1511
1482
1450
1512
1449
1513
1483
1448
1514
1472
1447
1515
1484
1446
1516
1471
1445
1517
1485
1444
1518
1470
1443
1519
1486
1442
1520
1469
1441
1497
1487
1440
1495
1468
1439
1495
1493
1438
1494
1466
1398
1399
1389
1400
1406
1395
1405
1349
1403
1408
1393
1409
1404
1307
1231
1347
1309
1303
1349
1327
1385
1302
1352
1337
1301
1316
1373
1300
1345
1353
1299
1335
1298
1321
1375
1297
1331
1380
1296
1325
1377
1295
1334
1374
1294
1384
1324
1363
1293
1338
1383
1292
1320
1291
1342
1360
1290
1317
1372
1289
1367
1288
1318
1287
1340
1364
1286
1326
1376
1285
1344
1361
1284
1359
1315
1283
1339
1282
1362
1281
1371
1330
1280
1346
1357
1279
1369
1319
1278
1333
1277
1382
1322
1276
1379
1332
1275
1368
1323
1274
1328
1356
1273
1312
1354
1272
1351
1343
1271
1358
1313
1270
1365
1329
1269
1336
1268
1348
1310
1198
1215
1221
1208
1226
1222
1207
1216
1220
1206
1227
1219
1218
1205
1224
1225
1204
1223
1214
1017
1151
1108
1101
1149
1155
1100
1127
1161
1099
1162
1137
1098
1130
1163
1097
1160
1126
1096
1159
1148
1095
1110
1158
1094
1129
1164
1093
1194
1111
1156
1092
1128
1193
1091
1181
1123
1090
1145
1169
1089
1165
1122
1088
1147
1157
1087
1124
1185
1086
1190
1131
1085
1144
1192
1084
1191
1125
1083
1143
1188
1082
1182
1121
1081
1142
1179
1080
1166
1119
1079
1141
1174
1078
1168
1118
1077
1140
1175
1076
1170
1117
1075
1139
1183
1074
1186
1120
1073
1146
1187
1072
1132
1189
1071
1184
1116
1070
1133
1180
1069
1171
1115
1068
1134
1178
1067
1172
1114
1066
1177
1135
1065
1167
1113
1064
1173
1136
1063
1176
1112
1062
1138
1154
1061
1150
1153
1060
1106
1152
1016
1103
1102
509
596
595
3
90
89
1
2
5
4
5
6
7
8
9
10
11
12
13
14
15
16
18
19
20
21
22
23
24
25
26
27
28
29
30
31
32
33
34
35
36
37
38
39
40
41
42
43
44
45
46
2
186
187
188
189
190
183
219
220
221
222
223
224
225
226
227
228
229
230
231
232
233
234
235
236
237
238
239
240
241
242
243
244
245
247
247
248
249
250
251
252
253
254
216
376
377
378
373
398
399
400
401
402
403
404
405
406
407
408
409
410
411
412
413
414
415
416
417
418
419
420
421
422
423
